Model: LI-7810	SN: TG10-01234	TimeZone: UTC
SECONDS	DIAG	CO2	CH4	H2O	TEMP
1782985020	0	nan	nan	nan	18.20
1782985021	0	nan	nan	nan	18.20
1782985022	0	nan	nan	nan	18.20
1782985023	0	nan	nan	nan	18.20
1782985024	0	nan	nan	nan	18.20
1782985025	0	nan	nan	nan	18.20
1782985026	0	nan	nan	nan	18.20
1782985027	0	nan	nan	nan	18.20
1782985028	0	nan	nan	nan	18.20
1782985029	0	nan	nan	nan	18.20
1782985030	0	nan	nan	nan	18.20
1782985031	0	nan	nan	nan	18.20
1782985032	0	nan	nan	nan	18.20
1782985033	0	nan	nan	nan	18.20
1782985034	0	nan	nan	nan	18.20
1782985035	0	nan	nan	nan	18.20
1782985036	0	nan	nan	nan	18.20
1782985037	0	nan	nan	nan	18.20
1782985038	0	nan	nan	nan	18.20
1782985039	0	nan	nan	nan	18.20
1782985040	0	nan	nan	nan	18.20
1782985041	0	nan	nan	nan	18.20
1782985042	0	nan	nan	nan	18.20
1782985043	0	nan	nan	nan	18.20
1782985044	0	nan	nan	nan	18.20
1782985045	0	nan	nan	nan	18.20
1782985046	0	nan	nan	nan	18.20
1782985047	0	nan	nan	nan	18.20
1782985048	0	nan	nan	nan	18.20
1782985049	0	nan	nan	nan	18.20
1782985050	0	410.030	1949.480	15013.84	18.20
1782985051	0	410.075	1950.470	15004.17	18.20
1782985052	0	409.805	1949.349	15005.25	18.20
1782985053	0	410.013	1949.842	15004.22	18.20
1782985054	0	409.998	1949.573	15007.40	18.20
1782985055	0	410.088	1950.389	14999.05	18.20
1782985056	0	410.007	1950.564	14989.73	18.20
1782985057	0	410.047	1949.570	14999.06	18.20
1782985058	0	410.037	1949.521	15004.06	18.20
1782985059	0	410.088	1949.975	14995.15	18.20
1782985060	0	409.982	1949.660	14999.12	18.20
1782985061	0	410.122	1949.923	14996.54	18.20
1782985062	0	409.957	1949.824	15007.51	18.20
1782985063	0	410.053	1950.183	15003.75	18.20
1782985064	0	410.041	1950.215	15003.26	18.20
1782985065	0	410.214	1949.797	15003.11	18.20
1782985066	0	409.949	1949.593	14999.81	18.20
1782985067	0	410.062	1950.564	15000.99	18.20
1782985068	0	409.989	1949.580	14994.07	18.20
1782985069	0	409.918	1950.325	14989.07	18.20
1782985070	0	410.074	1950.272	15000.75	18.20
1782985071	0	409.933	1950.116	15001.62	18.20
1782985072	0	410.012	1950.109	15006.05	18.20
1782985073	0	410.087	1950.112	15007.86	18.20
1782985074	0	410.068	1950.034	15007.85	18.20
1782985075	0	410.029	1950.316	14995.01	18.20
1782985076	0	409.854	1949.840	14998.24	18.20
1782985077	0	409.953	1949.681	15002.40	18.20
1782985078	0	409.972	1950.747	15012.66	18.20
1782985079	0	409.913	1950.484	15007.40	18.20
1782985080	0	409.916	1949.900	15005.60	18.20
1782985081	0	410.038	1950.256	14998.06	18.20
1782985082	0	410.096	1950.398	14995.58	18.20
1782985083	0	410.073	1950.101	15003.94	18.20
1782985084	0	410.163	1950.263	14994.50	18.20
1782985085	0	410.086	1950.060	14998.81	18.20
1782985086	0	410.134	1950.629	14999.43	18.20
1782985087	0	410.217	1950.767	15007.96	18.20
1782985088	0	410.219	1950.688	14998.23	18.20
1782985089	0	410.301	1950.627	14987.80	18.20
1782985090	0	410.323	1950.601	15002.52	18.20
1782985091	0	410.312	1950.765	14996.50	18.20
1782985092	0	410.300	1951.106	15000.21	18.20
1782985093	0	410.367	1951.044	14999.57	18.20
1782985094	0	410.444	1951.254	14998.63	18.20
1782985095	0	410.483	1951.170	15003.95	18.20
1782985096	0	410.459	1951.256	14992.34	18.20
1782985097	0	410.426	1950.926	14997.41	18.20
1782985098	0	410.474	1951.141	15003.42	18.20
1782985099	0	410.590	1951.248	14996.93	18.20
1782985100	0	410.581	1951.990	14991.96	18.20
1782985101	0	410.612	1951.901	15003.34	18.20
1782985102	0	410.613	1951.698	15005.62	18.20
1782985103	0	410.642	1951.738	14999.78	18.20
1782985104	0	410.762	1951.402	14990.20	18.20
1782985105	0	410.772	1952.071	15003.53	18.20
1782985106	0	410.750	1951.646	14991.70	18.20
1782985107	0	410.814	1952.001	15001.54	18.20
1782985108	0	410.852	1952.247	14995.56	18.20
1782985109	0	410.950	1952.248	14994.20	18.20
1782985110	0	410.849	1952.454	14997.79	18.20
1782985111	0	410.941	1952.888	14999.08	18.20
1782985112	0	411.002	1952.667	14996.78	18.20
1782985113	0	411.063	1952.283	15002.94	18.20
1782985114	0	410.988	1952.442	14997.77	18.20
1782985115	0	411.031	1952.387	15004.90	18.20
1782985116	0	411.112	1952.813	15001.41	18.20
1782985117	0	411.036	1952.655	14996.51	18.20
1782985118	0	411.156	1953.291	14995.67	18.20
1782985119	0	411.270	1953.994	14991.76	18.20
1782985120	0	411.221	1952.903	15001.45	18.20
1782985121	0	411.123	1953.360	14998.23	18.20
1782985122	0	411.219	1953.235	14988.14	18.20
1782985123	0	411.259	1953.398	14997.32	18.20
1782985124	0	411.373	1953.567	14995.49	18.20
1782985125	0	411.342	1953.289	15007.88	18.20
1782985126	0	411.296	1953.534	14991.49	18.20
1782985127	0	411.407	1954.290	14992.79	18.20
1782985128	0	411.447	1954.135	15005.55	18.20
1782985129	0	411.445	1953.565	15006.78	18.20
1782985130	0	411.452	1953.782	14996.28	18.20
1782985131	0	411.636	1953.834	14996.84	18.20
1782985132	0	411.602	1953.889	15003.08	18.20
1782985133	0	411.637	1954.355	14988.36	18.20
1782985134	0	411.612	1954.308	14990.69	18.20
1782985135	0	411.617	1954.534	14998.60	18.20
1782985136	0	411.657	1954.112	15007.75	18.20
1782985137	0	411.646	1954.612	14997.82	18.20
1782985138	0	411.819	1954.688	15000.50	18.20
1782985139	0	411.764	1954.806	15005.67	18.20
1782985140	0	411.865	1954.866	15010.53	18.20
1782985141	0	411.809	1955.212	14997.12	18.20
1782985142	0	411.881	1955.421	14999.92	18.20
1782985143	0	411.899	1954.673	15009.11	18.20
1782985144	0	411.852	1955.615	14992.39	18.20
1782985145	0	412.036	1955.146	15005.14	18.20
1782985146	0	411.961	1955.718	14994.91	18.20
1782985147	0	411.955	1955.092	15000.51	18.20
1782985148	0	412.072	1955.322	14998.79	18.20
1782985149	0	412.070	1955.471	14995.21	18.20
1782985150	0	412.117	1956.022	14995.08	18.20
1782985151	0	412.135	1955.873	15001.38	18.20
1782985152	0	412.057	1955.745	15004.98	18.20
1782985153	0	412.148	1955.474	14999.35	18.20
1782985154	0	412.176	1955.820	15000.35	18.20
1782985155	0	412.296	1955.602	15002.86	18.20
1782985156	0	412.282	1955.935	14995.14	18.20
1782985157	0	412.294	1956.461	15003.70	18.20
1782985158	0	412.367	1956.641	15004.10	18.20
1782985159	0	412.362	1956.111	15013.02	18.20
1782985160	0	412.389	1956.473	14998.12	18.20
1782985161	0	412.439	1956.155	14997.71	18.20
1782985162	0	412.465	1956.628	15003.84	18.20
1782985163	0	412.616	1957.203	15004.10	18.20
1782985164	0	412.477	1956.634	14997.32	18.20
1782985165	0	412.477	1956.623	14997.98	18.20
1782985166	0	412.596	1957.242	15002.71	18.20
1782985167	0	412.574	1956.764	14995.86	18.20
1782985168	0	412.533	1956.991	14997.95	18.20
1782985169	0	412.617	1956.961	15000.45	18.20
1782985170	0	412.656	1957.172	15004.98	18.20
1782985171	0	412.642	1956.840	14996.98	18.20
1782985172	0	412.866	1956.974	14990.79	18.20
1782985173	0	412.735	1957.991	14990.42	18.20
1782985174	0	412.965	1957.169	14993.70	18.20
1782985175	0	412.832	1957.702	14993.43	18.20
1782985176	0	412.966	1957.384	14999.23	18.20
1782985177	0	412.898	1957.993	14994.06	18.20
1782985178	0	412.962	1957.727	14996.49	18.20
1782985179	0	412.963	1957.508	14996.13	18.20
1782985180	0	nan	nan	nan	18.20
1782985181	0	nan	nan	nan	18.20
1782985182	0	nan	nan	nan	18.20
1782985183	0	413.078	1958.160	14997.80	18.20
1782985184	0	413.132	1958.153	15006.61	18.20
1782985185	0	413.174	1958.704	15003.31	18.20
1782985186	0	413.188	1958.586	15000.08	18.20
1782985187	0	413.213	1958.560	14997.69	18.20
1782985188	0	413.204	1958.735	14997.83	18.20
1782985189	0	413.265	1959.348	15001.64	18.20
1782985190	0	413.379	1958.916	15002.92	18.20
1782985191	0	413.292	1958.546	14995.46	18.20
1782985192	0	413.420	1959.039	15000.18	18.20
1782985193	0	413.414	1958.517	14989.84	18.20
1782985194	0	413.466	1959.256	15001.06	18.20
1782985195	0	413.394	1959.059	15003.81	18.20
1782985196	0	413.493	1959.296	14998.60	18.20
1782985197	0	413.495	1959.329	15009.08	18.20
1782985198	0	413.527	1959.486	14995.59	18.20
1782985199	0	413.644	1958.750	15001.09	18.20
1782985200	0	413.588	1959.653	14999.82	18.20
1782985201	0	413.645	1959.568	14999.50	18.20
1782985202	0	413.572	1959.858	14999.43	18.20
1782985203	0	413.776	1959.380	15000.54	18.20
1782985204	0	413.763	1959.821	15004.24	18.20
1782985205	0	413.747	1959.684	15006.89	18.20
1782985206	0	413.763	1960.470	14999.99	18.20
1782985207	0	413.839	1960.680	15004.08	18.20
1782985208	0	413.899	1960.372	14996.49	18.20
1782985209	0	413.957	1960.452	15003.83	18.20
1782985210	0	413.941	1960.311	14996.19	18.20
1782985211	0	413.933	1960.271	15005.45	18.20
1782985212	0	414.009	1960.207	15011.05	18.20
1782985213	0	414.029	1960.583	14999.39	18.20
1782985214	0	414.079	1960.945	14989.04	18.20
1782985215	0	414.141	1961.019	14997.26	18.20
1782985216	0	414.001	1960.860	15006.16	18.20
1782985217	0	414.051	1960.805	15002.77	18.20
1782985218	0	414.216	1961.231	15001.24	18.20
1782985219	0	414.135	1960.816	15005.04	18.20
1782985220	0	414.202	1960.835	15002.42	18.20
1782985221	0	414.196	1961.374	15006.09	18.20
1782985222	0	414.318	1961.543	15004.60	18.20
1782985223	0	414.175	1961.531	15007.61	18.20
1782985224	0	414.324	1961.644	15001.79	18.20
1782985225	0	414.431	1960.981	15004.53	18.20
1782985226	0	414.350	1961.857	14998.46	18.20
1782985227	0	414.331	1962.203	14996.99	18.20
1782985228	0	414.458	1962.094	15008.53	18.20
1782985229	0	414.441	1962.164	15001.08	18.20
1782985230	0	414.553	1962.070	15004.02	18.20
1782985231	0	414.542	1962.161	15000.62	18.20
1782985232	0	414.517	1962.116	14997.07	18.20
1782985233	0	414.582	1962.355	15000.05	18.20
1782985234	0	414.670	1962.002	15007.18	18.20
1782985235	0	414.644	1962.844	15002.78	18.20
1782985236	0	414.643	1962.233	14991.44	18.20
1782985237	0	414.720	1962.813	14998.92	18.20
1782985238	0	414.741	1963.039	15008.91	18.20
1782985239	0	414.813	1962.973	14998.93	18.20
1782985240	0	414.828	1963.498	14991.00	18.20
1782985241	0	414.820	1962.279	15009.47	18.20
1782985242	0	414.940	1962.823	15003.41	18.20
1782985243	0	414.895	1963.433	14999.65	18.20
1782985244	0	414.840	1962.745	14998.14	18.20
1782985245	0	414.870	1962.962	15005.41	18.20
1782985246	0	415.002	1963.437	14997.29	18.20
1782985247	0	415.024	1962.936	15005.74	18.20
1782985248	0	414.924	1963.456	15002.71	18.20
1782985249	0	415.046	1963.658	15001.22	18.20
1782985250	0	415.135	1963.641	15000.73	18.20
1782985251	0	415.168	1963.749	14999.13	18.20
1782985252	0	415.187	1963.549	15005.23	18.20
1782985253	0	415.181	1963.899	14995.67	18.20
1782985254	0	415.261	1963.802	14991.89	18.20
1782985255	0	415.276	1963.920	15003.07	18.20
1782985256	0	415.274	1964.329	15003.16	18.20
1782985257	0	415.210	1963.771	15002.40	18.20
1782985258	0	415.266	1963.540	15002.04	18.20
1782985259	0	415.336	1964.545	14998.40	18.20
1782985260	0	415.386	1964.459	15003.94	18.20
1782985261	0	415.484	1964.878	14999.77	18.20
1782985262	0	415.457	1964.966	14997.56	18.20
1782985263	0	415.495	1964.389	14998.44	18.20
1782985264	0	415.490	1964.276	15010.10	18.20
1782985265	0	415.506	1964.693	14991.33	18.20
1782985266	0	415.620	1965.396	15002.50	18.20
1782985267	0	415.541	1965.078	14991.60	18.20
1782985268	0	415.588	1965.182	14999.46	18.20
1782985269	0	415.663	1964.571	14997.83	18.20
1782985270	0	415.746	1965.018	14989.57	18.20
1782985271	0	415.703	1964.959	15001.95	18.20
1782985272	0	415.727	1965.488	14998.10	18.20
1782985273	0	415.781	1965.539	14989.50	18.20
1782985274	0	415.838	1965.916	15004.20	18.20
1782985275	0	415.833	1965.157	15007.18	18.20
1782985276	0	415.933	1965.581	15007.45	18.20
1782985277	0	415.966	1965.875	15001.79	18.20
1782985278	0	415.933	1965.945	15000.23	18.20
1782985279	0	416.068	1966.543	15006.64	18.20
1782985280	0	416.003	1966.048	15008.41	18.20
1782985281	0	416.084	1965.826	15005.67	18.20
1782985282	0	416.077	1966.152	14995.29	18.20
1782985283	0	416.106	1965.990	15001.01	18.20
1782985284	0	416.041	1965.698	15002.20	18.20
1782985285	0	416.094	1966.262	14990.95	18.20
1782985286	0	416.165	1967.061	15002.35	18.20
1782985287	0	416.265	1966.271	15011.36	18.20
1782985288	0	416.257	1966.518	15003.20	18.20
1782985289	0	416.256	1966.776	15007.37	18.20
1782985290	0	416.331	1966.698	15000.91	18.20
1782985291	0	416.383	1966.537	14999.63	18.20
1782985292	0	416.360	1967.739	15001.91	18.20
1782985293	0	416.401	1967.470	14995.92	18.20
1782985294	0	416.425	1967.294	14995.18	18.20
1782985295	0	416.447	1967.149	15006.33	18.20
1782985296	0	416.441	1967.409	15006.86	18.20
1782985297	0	416.467	1967.560	14995.04	18.20
1782985298	0	416.594	1967.550	15004.84	18.20
1782985299	0	416.556	1967.656	14999.57	18.20
1782985300	0	416.585	1967.881	15001.70	18.20
1782985301	0	416.538	1967.579	15002.30	18.20
1782985302	0	416.560	1967.311	15004.97	18.20
1782985303	0	416.758	1968.109	15000.41	18.20
1782985304	0	416.684	1967.469	15007.05	18.20
1782985305	0	416.602	1967.837	15001.55	18.20
1782985306	0	416.901	1968.210	15003.12	18.20
1782985307	0	416.782	1968.300	14995.83	18.20
1782985308	0	416.762	1968.151	15010.79	18.20
1782985309	0	416.875	1968.294	15002.35	18.20
1782985310	0	416.940	1968.503	15003.56	18.20
1782985311	0	416.963	1968.273	14991.96	18.20
1782985312	0	417.005	1969.049	14995.89	18.20
1782985313	0	416.941	1968.374	15006.19	18.20
1782985314	0	417.087	1968.663	15001.43	18.20
1782985315	0	417.120	1968.667	14990.43	18.20
1782985316	0	417.153	1968.919	15005.19	18.20
1782985317	0	417.123	1969.429	14997.28	18.20
1782985318	0	417.122	1968.758	15007.06	18.20
1782985319	0	417.148	1969.256	14999.56	18.20
1782985320	0	417.122	1969.391	15001.02	18.20
1782985321	0	417.203	1969.624	15005.89	18.20
1782985322	0	417.140	1969.124	14995.51	18.20
1782985323	0	417.206	1969.192	14995.04	18.20
1782985324	0	417.332	1969.466	14999.02	18.20
1782985325	0	417.337	1969.552	15004.14	18.20
1782985326	0	417.390	1969.377	14993.35	18.20
1782985327	0	417.445	1969.959	14991.66	18.20
1782985328	0	417.459	1970.007	15004.12	18.20
1782985329	0	417.485	1970.531	14996.99	18.20
1782985330	0	417.496	1969.908	14998.04	18.20
1782985331	0	417.492	1969.770	14990.72	18.20
1782985332	0	417.498	1969.893	14996.61	18.20
1782985333	0	417.586	1970.340	14999.96	18.20
1782985334	0	417.623	1970.090	15004.65	18.20
1782985335	0	417.695	1970.622	14996.14	18.20
1782985336	0	417.672	1970.284	15008.29	18.20
1782985337	0	417.737	1970.616	14996.58	18.20
1782985338	0	417.668	1970.620	14996.58	18.20
1782985339	0	417.783	1970.450	15007.69	18.20
1782985340	0	417.809	1970.364	15001.06	18.20
1782985341	0	417.897	1971.254	14997.24	18.20
1782985342	0	417.847	1971.069	14999.22	18.20
1782985343	0	417.770	1970.693	15006.77	18.20
1782985344	0	417.905	1970.798	15007.33	18.20
1782985345	0	417.986	1971.799	14995.92	18.20
1782985346	0	417.921	1971.029	14999.79	18.20
1782985347	0	418.022	1971.843	15000.45	18.20
1782985348	0	417.979	1971.515	14995.07	18.20
1782985349	0	418.161	1971.024	14999.72	18.20
1782985350	0	418.036	1971.473	15000.03	18.20
1782985351	0	418.104	1971.924	15005.70	18.20
1782985352	0	418.172	1971.228	15006.04	18.20
1782985353	0	418.216	1971.667	14998.35	18.20
1782985354	0	418.284	1971.732	14998.93	18.20
1782985355	0	418.218	1972.162	15003.32	18.20
1782985356	0	418.318	1972.214	14997.07	18.20
1782985357	0	418.226	1972.321	15002.94	18.20
1782985358	0	418.288	1972.311	14999.56	18.20
1782985359	0	418.299	1972.454	14995.15	18.20
1782985360	0	418.360	1972.015	14995.22	18.20
1782985361	0	418.466	1972.552	15007.24	18.20
1782985362	0	418.429	1972.995	14999.22	18.20
1782985363	0	418.468	1972.650	15008.20	18.20
1782985364	0	418.533	1972.534	14997.43	18.20
1782985365	0	418.574	1972.640	15001.46	18.20
1782985366	0	418.559	1973.289	15011.96	18.20
1782985367	0	418.558	1972.236	14994.71	18.20
1782985368	0	418.721	1973.805	14990.51	18.20
1782985369	0	418.650	1972.539	15006.43	18.20
1782985370	0	418.684	1973.114	14995.87	18.20
1782985371	0	418.721	1972.946	14999.90	18.20
1782985372	0	418.789	1973.517	14997.07	18.20
1782985373	0	418.715	1973.650	15001.34	18.20
1782985374	0	418.923	1973.572	14995.25	18.20
1782985375	0	418.833	1973.557	14999.10	18.20
1782985376	0	418.911	1973.161	15002.25	18.20
1782985377	0	418.918	1973.643	14994.96	18.20
1782985378	0	419.032	1973.788	14996.50	18.20
1782985379	0	419.053	1973.589	14998.26	18.20
1782985380	0	419.029	1974.096	14992.86	18.20
1782985381	0	418.987	1974.133	14997.89	18.20
1782985382	0	419.121	1974.063	15000.59	18.20
1782985383	0	419.005	1974.235	14998.00	18.20
1782985384	0	419.075	1974.217	14998.64	18.20
1782985385	0	419.146	1973.888	14999.90	18.20
1782985386	0	419.099	1974.625	14996.72	18.20
1782985387	0	419.184	1973.791	15003.46	18.20
1782985388	0	419.279	1974.722	15007.18	18.20
1782985389	0	419.234	1974.325	14997.68	18.20
1782985390	0	419.342	1974.905	15002.43	18.20
1782985391	0	419.449	1975.006	14998.80	18.20
1782985392	0	419.379	1974.910	15001.83	18.20
1782985393	0	419.431	1975.228	15007.83	18.20
1782985394	0	419.483	1974.964	15002.54	18.20
1782985395	0	419.428	1975.056	14991.13	18.20
1782985396	0	419.520	1975.730	15002.27	18.20
1782985397	0	419.487	1975.233	15006.16	18.20
1782985398	0	419.556	1975.366	14998.89	18.20
1782985399	0	419.618	1974.844	15004.98	18.20
1782985400	0	419.559	1975.365	14996.55	18.20
1782985401	0	419.514	1975.391	14992.57	18.20
1782985402	0	419.614	1975.700	15000.71	18.20
1782985403	0	419.746	1975.766	14991.22	18.20
1782985404	0	419.668	1975.903	14998.80	18.20
1782985405	0	419.802	1975.707	15006.43	18.20
1782985406	0	419.734	1976.248	14990.45	18.20
1782985407	0	419.799	1976.354	14993.60	18.20
1782985408	0	419.839	1976.450	14994.84	18.20
1782985409	0	419.818	1976.316	14999.68	18.20
1782985410	0	419.889	1976.035	14998.17	18.20
1782985411	0	419.852	1976.686	15007.00	18.20
1782985412	0	419.942	1976.253	15004.77	18.20
1782985413	0	419.985	1976.978	15002.48	18.20
1782985414	0	419.906	1976.271	15000.73	18.20
1782985415	0	420.004	1977.238	15001.97	18.20
1782985416	0	420.094	1977.110	14995.69	18.20
1782985417	0	420.053	1976.624	15004.29	18.20
1782985418	0	420.162	1977.057	14994.44	18.20
1782985419	0	420.197	1977.064	15004.18	18.20
1782985420	0	420.214	1977.247	15005.93	18.20
1782985421	0	420.269	1977.522	15001.05	18.20
1782985422	0	420.179	1976.686	14999.12	18.20
1782985423	0	420.340	1977.796	15002.00	18.20
1782985424	0	420.269	1976.962	14985.69	18.20
1782985425	0	420.355	1977.879	15001.51	18.20
1782985426	0	420.470	1977.835	14999.43	18.20
1782985427	0	420.391	1977.492	14999.75	18.20
1782985428	0	420.441	1977.750	15003.53	18.20
1782985429	0	420.419	1978.535	14999.63	18.20
1782985430	0	420.589	1978.341	14994.30	18.20
1782985431	0	420.484	1978.337	14999.29	18.20
1782985432	0	420.592	1978.293	15000.34	18.20
1782985433	0	420.652	1978.431	15000.57	18.20
1782985434	0	420.657	1978.511	15000.81	18.20
1782985435	0	420.667	1977.865	15005.20	18.20
1782985436	0	420.684	1978.313	14994.57	18.20
1782985437	0	420.646	1979.065	15000.88	18.20
1782985438	0	420.826	1979.048	15006.45	18.20
1782985439	0	420.783	1979.125	14991.33	18.20
1782985440	0	420.801	1978.861	15000.90	18.20
1782985441	0	409.891	1950.198	14997.07	18.20
1782985442	0	410.006	1949.349	14998.15	18.20
1782985443	0	409.995	1949.960	14995.48	18.20
1782985444	0	410.180	1950.447	14999.15	18.20
1782985445	0	410.001	1950.124	15009.21	18.20
1782985446	0	410.004	1949.899	14993.68	18.20
1782985447	0	409.892	1949.924	14994.15	18.20
1782985448	0	409.925	1949.375	14993.49	18.20
1782985449	0	410.051	1950.196	15008.64	18.20
1782985450	0	409.821	1949.939	14997.69	18.20
1782985451	0	410.100	1950.530	14999.87	18.20
1782985452	0	410.103	1950.019	14997.99	18.20
1782985453	0	409.915	1949.458	14995.28	18.20
1782985454	0	410.034	1950.190	14998.82	18.20
1782985455	0	410.129	1950.550	15012.29	18.20
1782985456	0	409.987	1949.378	15006.96	18.20
1782985457	0	409.968	1950.109	14995.74	18.20
1782985458	0	409.980	1949.711	15003.24	18.20
1782985459	0	410.025	1949.748	14995.84	18.20
1782985460	0	409.937	1950.156	14991.12	18.20
1782985461	0	409.960	1950.122	15005.10	18.20
1782985462	0	410.027	1949.430	15005.80	18.20
1782985463	0	409.952	1950.719	15005.23	18.20
1782985464	0	409.884	1948.942	14997.65	18.20
1782985465	0	409.814	1950.015	14999.17	18.20
1782985466	0	410.003	1949.941	15003.75	18.20
1782985467	0	410.121	1948.664	15001.96	18.20
1782985468	0	410.040	1950.781	14998.03	18.20
1782985469	0	409.887	1949.810	14991.90	18.20
1782985470	0	409.925	1949.553	15000.57	18.20
1782985471	0	409.967	1950.714	15005.40	18.20
1782985472	0	410.184	1949.832	14994.01	18.20
1782985473	0	410.191	1950.018	15003.19	18.20
1782985474	0	410.175	1949.953	15001.66	18.20
1782985475	0	410.013	1950.183	15003.75	18.20
1782985476	0	410.318	1950.426	15004.36	18.20
1782985477	0	409.929	1950.484	14996.53	18.20
1782985478	0	409.964	1949.755	14991.92	18.20
1782985479	0	410.091	1950.016	14997.33	18.20
1782985480	0	410.028	1950.007	15004.45	18.20
1782985481	0	410.034	1950.212	14997.29	18.20
1782985482	0	409.806	1950.333	14996.53	18.20
1782985483	0	409.902	1949.279	14990.89	18.20
1782985484	0	409.994	1950.042	15008.76	18.20
1782985485	0	409.931	1950.416	15004.13	18.20
1782985486	0	409.866	1949.797	15003.85	18.20
1782985487	0	409.942	1949.977	15004.84	18.20
1782985488	0	410.028	1949.496	15002.88	18.20
1782985489	0	410.072	1950.032	14998.78	18.20
1782985490	0	409.811	1949.021	14999.18	18.20
1782985491	0	409.999	1949.890	14997.86	18.20
1782985492	0	409.990	1949.986	15013.17	18.20
1782985493	0	410.023	1950.474	15002.78	18.20
1782985494	0	409.889	1949.414	14997.68	18.20
1782985495	0	409.891	1950.144	15002.33	18.20
1782985496	0	410.124	1949.784	14994.95	18.20
1782985497	0	409.750	1949.148	15007.52	18.20
1782985498	0	409.917	1949.721	14996.69	18.20
1782985499	0	409.959	1950.019	15002.51	18.20
1782985500	0	409.969	1950.525	15005.33	18.20
1782985501	0	409.932	1949.569	15001.92	18.20
1782985502	0	410.048	1949.232	15000.47	18.20
1782985503	0	410.039	1950.051	15000.05	18.20
1782985504	0	409.985	1950.794	14999.72	18.20
1782985505	0	409.938	1951.030	14997.12	18.20
1782985506	0	409.977	1949.361	14997.75	18.20
1782985507	0	410.007	1949.462	15007.40	18.20
1782985508	0	409.925	1950.199	14999.46	18.20
1782985509	0	410.056	1949.689	14996.07	18.20
1782985510	0	410.099	1950.579	14997.42	18.20
1782985511	0	410.144	1950.265	15005.50	18.20
1782985512	0	410.136	1949.060	15003.38	18.20
1782985513	0	409.968	1949.566	15002.80	18.20
1782985514	0	410.012	1949.714	14998.71	18.20
1782985515	0	409.983	1950.941	15002.87	18.20
1782985516	0	409.983	1950.207	14996.78	18.20
1782985517	0	409.977	1950.038	14998.70	18.20
1782985518	0	410.001	1950.224	15004.85	18.20
1782985519	0	410.117	1950.824	15004.37	18.20
1782985520	0	410.031	1950.295	14995.09	18.20
1782985521	0	409.885	1949.956	14995.72	18.20
1782985522	0	410.094	1950.433	15000.54	18.20
1782985523	0	410.021	1950.443	15008.63	18.20
1782985524	0	410.049	1950.600	14990.42	18.20
1782985525	0	410.029	1949.822	15001.39	18.20
1782985526	0	410.034	1948.535	14993.12	18.20
1782985527	0	410.038	1948.176	14996.83	18.20
1782985528	0	409.828	1950.226	14998.18	18.20
1782985529	0	410.048	1949.419	14997.90	18.20
1782985530	0	409.929	1950.685	14997.33	18.20
1782985531	0	409.952	1951.121	15000.04	18.20
1782985532	0	410.000	1950.204	14997.32	18.20
1782985533	0	410.162	1950.066	14992.69	18.20
1782985534	0	409.900	1949.945	15003.90	18.20
1782985535	0	409.996	1949.318	15003.76	18.20
1782985536	0	409.974	1949.629	15004.22	18.20
1782985537	0	410.092	1950.017	14992.30	18.20
1782985538	0	409.972	1949.947	15001.49	18.20
1782985539	0	410.022	1950.308	15003.38	18.20
1782985540	0	409.900	1949.479	14994.84	18.20
1782985541	0	410.110	1949.794	15000.05	18.20
1782985542	0	409.858	1950.222	14999.42	18.20
1782985543	0	410.046	1949.235	15009.21	18.20
1782985544	0	410.023	1950.368	15009.62	18.20
1782985545	0	410.037	1950.316	14991.68	18.20
1782985546	0	409.860	1950.166	15012.47	18.20
1782985547	0	409.970	1949.759	14995.42	18.20
1782985548	0	410.087	1950.740	15004.90	18.20
1782985549	0	410.179	1950.657	15004.85	18.20
1782985550	0	409.989	1950.176	14995.02	18.20
1782985551	0	410.077	1950.061	15002.47	18.20
1782985552	0	410.013	1950.412	14999.46	18.20
1782985553	0	409.994	1949.635	15002.77	18.20
1782985554	0	409.959	1950.317	15001.15	18.20
1782985555	0	410.000	1950.170	15005.98	18.20
1782985556	0	410.067	1949.813	15000.38	18.20
1782985557	0	410.076	1950.189	14999.16	18.20
1782985558	0	409.877	1950.721	15005.48	18.20
1782985559	0	409.950	1949.172	15002.90	18.20
1782985560	0	409.895	1949.489	15003.66	18.20
1782985561	0	410.005	1949.863	14996.68	18.20
1782985562	0	409.966	1950.310	14994.77	18.20
1782985563	0	410.034	1950.158	14997.16	18.20
1782985564	0	410.041	1950.308	14996.90	18.20
1782985565	0	409.789	1949.818	15003.93	18.20
1782985566	0	409.782	1950.018	15004.88	18.20
1782985567	0	410.000	1950.523	14999.22	18.20
1782985568	0	410.119	1950.101	15007.15	18.20
1782985569	0	409.950	1950.243	15006.84	18.20
1782985570	0	409.947	1949.999	15001.22	18.20
1782985571	0	410.099	1949.721	14995.89	18.20
1782985572	0	410.081	1950.339	15007.88	18.20
1782985573	0	409.905	1950.487	14999.69	18.20
1782985574	0	410.070	1950.051	15000.63	18.20
1782985575	0	409.924	1949.570	14998.30	18.20
1782985576	0	409.946	1950.271	14995.55	18.20
1782985577	0	409.904	1950.219	14992.66	18.20
1782985578	0	409.876	1949.898	15003.16	18.20
1782985579	0	410.011	1951.223	14996.08	18.20
1782985580	0	409.862	1950.736	15015.30	18.20
1782985581	0	410.015	1950.206	14994.57	18.20
1782985582	0	410.012	1950.222	14993.71	18.20
1782985583	0	409.985	1950.727	15002.55	18.20
1782985584	0	409.954	1950.566	15007.65	18.20
1782985585	0	409.936	1949.970	15000.32	18.20
1782985586	0	409.893	1950.228	15002.86	18.20
1782985587	0	410.145	1949.961	14990.78	18.20
1782985588	0	409.980	1949.443	14996.61	18.20
1782985589	0	409.977	1949.204	14994.63	18.20
1782985590	0	409.909	1950.113	14990.52	18.20
1782985591	0	410.132	1951.405	15000.58	18.20
1782985592	0	409.941	1950.718	14988.79	18.20
1782985593	0	410.024	1949.924	14993.39	18.20
1782985594	0	410.043	1950.031	14997.31	18.20
1782985595	0	410.011	1949.796	14995.84	18.20
1782985596	0	409.860	1949.228	15001.98	18.20
1782985597	0	410.065	1949.862	15001.53	18.20
1782985598	0	409.940	1950.004	15004.47	18.20
1782985599	0	410.079	1950.090	15003.76	18.20
1782985600	0	409.934	1950.613	15005.70	18.20
1782985601	0	410.158	1950.247	14999.99	18.20
1782985602	0	410.097	1950.621	15001.52	18.20
1782985603	0	410.113	1950.307	15002.56	18.20
1782985604	0	410.060	1950.260	15000.71	18.20
1782985605	0	409.890	1950.350	14998.01	18.20
1782985606	0	409.864	1949.603	14998.34	18.20
1782985607	0	410.130	1950.420	14995.91	18.20
1782985608	0	410.149	1949.864	15002.11	18.20
1782985609	0	409.885	1949.880	14999.53	18.20
1782985610	0	410.010	1950.039	14996.68	18.20
1782985611	0	410.113	1949.819	14996.69	18.20
1782985612	0	410.035	1949.506	14993.95	18.20
1782985613	0	410.045	1950.002	15004.89	18.20
1782985614	0	409.925	1949.882	15000.39	18.20
1782985615	0	409.982	1949.865	14995.69	18.20
1782985616	0	410.177	1949.951	15004.04	18.20
1782985617	0	409.976	1948.951	14997.20	18.20
1782985618	0	409.911	1949.868	14992.97	18.20
1782985619	0	409.931	1950.691	15005.11	18.20
1782985620	0	409.984	1950.644	14997.31	18.20
1782985621	0	410.006	1950.019	14997.96	18.20
1782985622	0	409.991	1950.002	15000.21	18.20
1782985623	0	410.172	1948.840	15005.71	18.20
1782985624	0	409.800	1949.728	15000.10	18.20
1782985625	0	410.001	1950.345	14994.00	18.20
1782985626	0	410.047	1949.808	15002.72	18.20
1782985627	0	410.102	1950.515	14997.58	18.20
1782985628	0	410.018	1950.481	15009.44	18.20
1782985629	0	410.027	1949.719	14999.99	18.20
1782985630	0	410.070	1950.055	14988.82	18.20
1782985631	0	410.000	1950.736	15001.79	18.20
1782985632	0	409.755	1949.291	15009.72	18.20
1782985633	0	409.881	1949.818	15007.88	18.20
1782985634	0	409.975	1949.246	15009.15	18.20
1782985635	0	409.901	1949.570	14994.90	18.20
1782985636	0	410.246	1950.901	15004.56	18.20
1782985637	0	409.959	1949.818	14996.39	18.20
1782985638	0	409.885	1949.046	15001.12	18.20
1782985639	0	409.988	1949.501	14993.64	18.20
1782985640	0	409.992	1949.200	14996.78	18.20
1782985641	0	409.924	1950.074	14996.62	18.20
1782985642	0	410.037	1950.209	15004.49	18.20
1782985643	0	409.868	1950.427	15004.00	18.20
1782985644	0	409.920	1950.316	15001.38	18.20
1782985645	0	409.999	1949.312	14993.25	18.20
1782985646	0	409.968	1950.183	14998.44	18.20
1782985647	0	410.061	1949.930	14996.27	18.20
1782985648	0	410.153	1950.504	15004.35	18.20
1782985649	0	409.974	1950.375	15005.89	18.20
1782985650	0	410.193	1950.980	15005.28	18.20
1782985651	0	409.877	1949.537	14996.22	18.20
1782985652	0	410.148	1949.471	14986.30	18.20
1782985653	0	409.868	1949.757	14991.17	18.20
1782985654	0	410.042	1949.949	15007.11	18.20
1782985655	0	409.935	1949.663	14997.99	18.20
1782985656	0	409.929	1949.560	14996.25	18.20
1782985657	0	410.228	1950.149	15008.21	18.20
1782985658	0	410.089	1949.755	15006.33	18.20
1782985659	0	409.981	1949.643	15000.12	18.20
1782985660	0	409.735	1949.311	14998.53	18.20
1782985661	0	409.819	1948.875	14999.34	18.20
1782985662	0	409.880	1950.662	15001.14	18.20
1782985663	0	409.996	1950.645	15008.00	18.20
1782985664	0	410.041	1950.391	15002.11	18.20
1782985665	0	409.910	1950.262	15003.63	18.20
1782985666	0	410.073	1949.712	15005.85	18.20
1782985667	0	410.056	1950.283	14994.15	18.20
1782985668	0	409.945	1949.439	15003.77	18.20
1782985669	0	409.882	1950.043	14998.53	18.20
1782985670	0	410.033	1949.604	14987.42	18.20
1782985671	0	410.003	1950.285	14989.36	18.20
1782985672	0	410.062	1950.776	14994.91	18.20
1782985673	0	410.128	1949.499	15002.66	18.20
1782985674	0	410.168	1949.735	15000.57	18.20
1782985675	0	410.104	1950.034	15000.92	18.20
1782985676	0	409.959	1949.096	15009.75	18.20
1782985677	0	409.983	1949.220	14993.65	18.20
1782985678	0	410.097	1950.758	14999.86	18.20
1782985679	0	409.920	1950.151	15001.52	18.20
1782985680	0	409.927	1949.686	14996.32	18.20
1782985681	0	410.077	1949.981	15000.14	18.20
1782985682	0	410.174	1949.759	14992.00	18.20
1782985683	0	410.100	1950.049	15007.05	18.20
1782985684	0	410.080	1949.776	14996.59	18.20
1782985685	0	409.995	1949.942	15010.16	18.20
1782985686	0	409.916	1950.331	14999.84	18.20
1782985687	0	410.065	1950.297	15005.14	18.20
1782985688	0	410.154	1950.725	14999.73	18.20
1782985689	0	409.963	1950.187	14999.85	18.20
1782985690	0	409.938	1950.012	14997.08	18.20
1782985691	0	409.940	1950.810	15000.60	18.20
1782985692	0	410.036	1949.891	15001.59	18.20
1782985693	0	410.119	1948.915	14996.08	18.20
1782985694	0	409.799	1950.398	14999.37	18.20
1782985695	0	410.006	1950.125	14996.95	18.20
1782985696	0	409.867	1949.988	15011.50	18.20
1782985697	0	410.200	1950.412	14999.55	18.20
1782985698	0	410.017	1949.780	15007.73	18.20
1782985699	0	409.961	1948.935	14999.02	18.20
1782985700	0	410.026	1950.423	15001.30	18.20
1782985701	0	409.842	1949.669	14993.39	18.20
1782985702	0	409.884	1949.517	14997.76	18.20
1782985703	0	410.005	1948.958	15001.05	18.20
1782985704	0	410.061	1950.377	15007.93	18.20
1782985705	0	409.975	1948.760	15001.11	18.20
1782985706	0	409.900	1950.616	15006.92	18.20
1782985707	0	409.722	1949.826	15003.20	18.20
1782985708	0	409.882	1950.402	15008.14	18.20
1782985709	0	409.932	1950.202	14999.70	18.20
1782985710	0	410.057	1950.918	15011.95	18.20
1782985711	0	409.980	1950.188	14997.57	18.20
1782985712	0	409.851	1950.595	14996.17	18.20
1782985713	0	409.924	1949.720	14993.95	18.20
1782985714	0	409.998	1949.219	15011.66	18.20
1782985715	0	410.023	1950.484	15004.10	18.20
1782985716	0	410.029	1949.206	14998.33	18.20
1782985717	0	409.988	1950.371	15006.25	18.20
1782985718	0	409.812	1949.463	15003.44	18.20
1782985719	0	410.088	1950.135	15009.83	18.20
1782985720	0	410.041	1950.930	14992.26	18.20
1782985721	0	410.047	1950.329	14998.67	18.20
1782985722	0	410.271	1949.893	14997.69	18.20
1782985723	0	409.920	1950.214	14990.13	18.20
1782985724	0	410.044	1949.737	15005.30	18.20
1782985725	0	409.897	1951.155	14998.65	18.20
1782985726	0	410.033	1949.634	15003.70	18.20
1782985727	0	410.092	1949.945	15011.80	18.20
1782985728	0	409.975	1950.281	14998.23	18.20
1782985729	0	409.871	1950.176	14997.89	18.20
1782985730	0	410.191	1950.233	15000.59	18.20
1782985731	0	409.962	1949.746	15004.94	18.20
1782985732	0	409.959	1949.873	14997.17	18.20
1782985733	0	409.962	1950.458	14996.85	18.20
1782985734	0	409.827	1950.431	15005.29	18.20
1782985735	0	409.962	1950.188	15001.89	18.20
1782985736	0	409.887	1950.664	14989.78	18.20
1782985737	0	410.125	1950.480	14993.87	18.20
1782985738	0	409.849	1950.415	15007.51	18.20
1782985739	0	410.040	1949.197	15002.01	18.20
1782985740	0	409.998	1950.182	14996.19	18.20
1782985741	0	410.056	1950.089	14999.15	18.20
1782985742	0	410.029	1950.737	15000.07	18.20
1782985743	0	410.123	1948.566	15003.68	18.20
1782985744	0	409.968	1949.918	14993.21	18.20
1782985745	0	409.825	1950.047	14995.80	18.20
1782985746	0	410.125	1949.457	15001.36	18.20
1782985747	0	410.034	1949.542	14999.50	18.20
1782985748	0	409.933	1950.739	15002.86	18.20
1782985749	0	409.946	1950.231	14993.85	18.20
1782985750	0	409.813	1950.931	15001.79	18.20
1782985751	0	410.060	1949.909	15005.46	18.20
1782985752	0	410.058	1949.295	15002.43	18.20
1782985753	0	410.118	1949.838	15000.70	18.20
1782985754	0	409.980	1949.754	14999.52	18.20
1782985755	0	409.942	1950.347	14995.83	18.20
1782985756	0	410.026	1950.326	14999.64	18.20
1782985757	0	409.999	1950.257	15006.30	18.20
1782985758	0	409.958	1951.115	14999.40	18.20
1782985759	0	409.843	1950.630	14995.55	18.20
1782985760	0	410.137	1949.574	14997.54	18.20
1782985761	0	410.223	1950.498	15001.00	18.20
1782985762	0	410.097	1950.014	14998.13	18.20
1782985763	0	409.978	1949.895	15002.43	18.20
1782985764	0	410.039	1950.701	15002.61	18.20
1782985765	0	410.018	1949.544	15004.44	18.20
1782985766	0	410.082	1950.461	15007.12	18.20
1782985767	0	410.065	1950.373	15004.98	18.20
1782985768	0	409.973	1949.536	14995.33	18.20
1782985769	0	409.913	1949.182	14995.48	18.20
1782985770	0	410.024	1949.958	14999.62	18.20
1782985771	0	409.956	1948.522	14997.74	18.20
1782985772	0	409.875	1950.560	14994.31	18.20
1782985773	0	409.934	1950.180	14997.79	18.20
1782985774	0	409.861	1950.719	14997.63	18.20
1782985775	0	409.986	1950.145	14996.64	18.20
1782985776	0	410.233	1950.758	14998.42	18.20
1782985777	0	409.969	1949.703	15005.89	18.20
1782985778	0	409.967	1950.255	15001.00	18.20
1782985779	0	409.989	1949.802	15012.36	18.20
1782985780	0	410.147	1949.943	15000.85	18.20
1782985781	0	410.230	1950.045	14998.55	18.20
1782985782	0	410.179	1950.179	15000.02	18.20
1782985783	0	410.096	1949.638	15001.28	18.20
1782985784	0	409.915	1950.230	15002.18	18.20
1782985785	0	410.099	1950.020	15010.38	18.20
1782985786	0	409.871	1949.320	14995.77	18.20
1782985787	0	409.857	1949.116	15004.30	18.20
1782985788	0	410.011	1950.563	15001.04	18.20
1782985789	0	409.999	1948.870	14992.14	18.20
1782985790	0	409.981	1949.919	15003.85	18.20
1782985791	0	410.210	1949.271	15006.34	18.20
1782985792	0	409.961	1950.853	14995.71	18.20
1782985793	0	410.045	1950.282	14999.96	18.20
1782985794	0	410.011	1950.165	14991.37	18.20
1782985795	0	410.078	1949.595	14993.71	18.20
1782985796	0	410.088	1949.313	15005.24	18.20
1782985797	0	410.033	1950.089	14997.67	18.20
1782985798	0	409.938	1949.989	14994.46	18.20
1782985799	0	409.938	1949.464	15001.15	18.20
1782985800	0	414.717	1955.584	14997.39	18.20
1782985801	0	415.258	1955.400	14997.65	18.20
1782985802	0	415.570	1955.274	15003.70	18.20
1782985803	0	414.547	1957.502	14994.19	18.20
1782985804	0	416.060	1961.321	14995.47	18.20
1782985805	0	414.831	1961.995	15000.77	18.20
1782985806	0	413.314	1959.827	15004.85	18.20
1782985807	0	416.598	1960.529	15006.19	18.20
1782985808	0	415.054	1962.193	14996.67	18.20
1782985809	0	415.716	1952.010	15004.69	18.20
1782985810	0	413.654	1960.841	14996.08	18.20
1782985811	0	414.428	1965.248	15009.13	18.20
1782985812	0	414.748	1952.262	14994.33	18.20
1782985813	0	413.986	1949.001	15006.64	18.20
1782985814	0	414.813	1959.246	14996.72	18.20
1782985815	0	414.660	1964.316	15010.07	18.20
1782985816	0	415.959	1959.318	15002.96	18.20
1782985817	0	413.292	1962.469	14994.92	18.20
1782985818	0	415.444	1961.238	14997.39	18.20
1782985819	0	415.785	1955.341	15003.91	18.20
1782985820	0	416.607	1956.162	15005.26	18.20
1782985821	0	415.599	1953.251	14999.65	18.20
1782985822	0	414.256	1966.065	15000.22	18.20
1782985823	0	414.791	1963.360	15003.79	18.20
1782985824	0	415.190	1959.580	15000.66	18.20
1782985825	0	416.091	1959.053	14993.53	18.20
1782985826	0	413.575	1956.787	14995.94	18.20
1782985827	0	415.441	1961.582	15001.18	18.20
1782985828	0	413.746	1957.103	15006.08	18.20
1782985829	0	414.535	1958.538	15008.08	18.20
1782985830	0	413.899	1957.487	15003.90	18.20
1782985831	0	414.417	1963.086	15001.44	18.20
1782985832	0	415.647	1959.417	15003.74	18.20
1782985833	0	414.686	1960.560	14996.67	18.20
1782985834	0	414.347	1955.413	14999.23	18.20
1782985835	0	414.248	1957.461	14995.88	18.20
1782985836	0	414.069	1960.648	14993.76	18.20
1782985837	0	415.584	1953.652	15001.67	18.20
1782985838	0	415.020	1959.120	15000.93	18.20
1782985839	0	415.273	1959.948	15003.44	18.20
1782985840	0	413.837	1954.950	15002.73	18.20
1782985841	0	415.024	1964.115	15001.21	18.20
1782985842	0	413.229	1961.383	15002.78	18.20
1782985843	0	415.952	1959.388	14999.79	18.20
1782985844	0	415.440	1957.188	15002.06	18.20
1782985845	0	414.905	1953.516	14996.37	18.20
1782985846	0	413.125	1963.771	15001.85	18.20
1782985847	0	414.212	1958.178	15003.34	18.20
1782985848	0	413.891	1954.360	14996.65	18.20
1782985849	0	414.861	1957.082	15000.26	18.20
1782985850	0	415.302	1961.810	14996.88	18.20
1782985851	0	415.257	1960.954	14997.37	18.20
1782985852	0	416.262	1955.730	14994.38	18.20
1782985853	0	414.956	1964.531	15006.33	18.20
1782985854	0	416.012	1954.313	15005.33	18.20
1782985855	0	414.750	1965.432	15002.69	18.20
1782985856	0	415.406	1960.781	15009.86	18.20
1782985857	0	414.826	1958.465	14999.05	18.20
1782985858	0	415.231	1958.991	15015.16	18.20
1782985859	0	414.966	1960.314	14998.86	18.20
1782985860	0	414.458	1962.129	15001.28	18.20
1782985861	0	417.331	1952.892	14998.01	18.20
1782985862	0	415.259	1956.959	15001.86	18.20
1782985863	0	415.462	1960.186	15004.18	18.20
1782985864	0	415.609	1964.702	14999.43	18.20
1782985865	0	415.154	1964.528	15008.88	18.20
1782985866	0	413.125	1966.362	15001.20	18.20
1782985867	0	415.300	1964.311	15001.35	18.20
1782985868	0	414.024	1956.677	14995.46	18.20
1782985869	0	415.117	1959.932	15002.09	18.20
1782985870	0	415.226	1964.338	14999.33	18.20
1782985871	0	413.588	1963.895	14996.96	18.20
1782985872	0	415.007	1959.185	14996.12	18.20
1782985873	0	413.823	1962.012	15013.36	18.20
1782985874	0	413.069	1962.594	14998.68	18.20
1782985875	0	413.806	1960.214	14992.72	18.20
1782985876	0	414.905	1964.678	14996.51	18.20
1782985877	0	414.857	1957.223	14999.74	18.20
1782985878	0	414.595	1965.092	15002.73	18.20
1782985879	0	415.429	1958.457	15002.77	18.20
1782985880	0	414.811	1953.731	15003.38	18.20
1782985881	0	415.311	1952.961	14996.78	18.20
1782985882	0	415.601	1960.514	15001.70	18.20
1782985883	0	416.910	1955.599	14995.62	18.20
1782985884	0	414.918	1967.193	14996.90	18.20
1782985885	0	415.953	1957.215	14995.41	18.20
1782985886	0	415.179	1960.008	14994.06	18.20
1782985887	0	415.226	1957.205	15005.32	18.20
1782985888	0	414.929	1953.608	15003.44	18.20
1782985889	0	415.108	1961.800	15004.88	18.20
1782985890	0	414.818	1953.540	15000.20	18.20
1782985891	0	415.791	1961.458	15003.88	18.20
1782985892	0	414.419	1958.878	14991.19	18.20
1782985893	0	413.799	1955.898	15004.32	18.20
1782985894	0	414.570	1964.914	15000.89	18.20
1782985895	0	414.488	1962.561	15003.14	18.20
1782985896	0	414.569	1960.992	15001.90	18.20
1782985897	0	414.887	1963.492	14995.06	18.20
1782985898	0	414.572	1953.710	14992.51	18.20
1782985899	0	413.894	1957.872	14996.44	18.20
1782985900	0	414.001	1961.641	15002.82	18.20
1782985901	0	414.627	1969.498	15003.45	18.20
1782985902	0	413.610	1960.815	14993.16	18.20
1782985903	0	414.098	1958.026	14995.09	18.20
1782985904	0	415.113	1950.699	14996.38	18.20
1782985905	0	415.189	1967.612	14998.21	18.20
1782985906	0	414.637	1961.039	14993.19	18.20
1782985907	0	415.820	1959.344	14992.89	18.20
1782985908	0	414.535	1950.897	14995.89	18.20
1782985909	0	415.513	1959.547	15000.43	18.20
1782985910	0	414.190	1960.506	14994.10	18.20
1782985911	0	414.533	1957.886	14999.42	18.20
1782985912	0	415.485	1954.646	15005.29	18.20
1782985913	0	415.838	1954.409	14993.49	18.20
1782985914	0	414.470	1967.692	14998.97	18.20
1782985915	0	415.902	1960.390	15005.12	18.20
1782985916	0	414.248	1957.883	14997.91	18.20
1782985917	0	415.059	1960.150	14997.13	18.20
1782985918	0	414.927	1959.877	15005.82	18.20
1782985919	0	414.828	1954.232	14998.47	18.20
1782985920	0	414.587	1963.658	15005.52	18.20
1782985921	0	413.905	1959.242	15002.14	18.20
1782985922	0	414.344	1960.445	14998.29	18.20
1782985923	0	414.689	1965.910	15002.40	18.20
1782985924	0	415.405	1954.753	15001.60	18.20
1782985925	0	415.537	1956.901	15005.10	18.20
1782985926	0	414.538	1961.255	14997.26	18.20
1782985927	0	414.607	1963.571	15000.21	18.20
1782985928	0	414.380	1957.524	14999.69	18.20
1782985929	0	414.475	1957.737	15003.52	18.20
1782985930	0	415.879	1962.515	14994.87	18.20
1782985931	0	416.368	1969.071	15005.08	18.20
1782985932	0	414.175	1960.282	15002.33	18.20
1782985933	0	414.059	1956.890	14993.42	18.20
1782985934	0	414.496	1955.771	15006.04	18.20
1782985935	0	414.158	1959.423	15011.17	18.20
1782985936	0	414.027	1963.369	15005.01	18.20
1782985937	0	414.266	1971.238	15007.13	18.20
1782985938	0	414.639	1960.288	15000.43	18.20
1782985939	0	413.964	1966.824	14991.69	18.20
1782985940	0	415.896	1961.188	14990.78	18.20
1782985941	0	413.923	1960.843	15001.28	18.20
1782985942	0	414.103	1965.849	14997.04	18.20
1782985943	0	415.647	1960.382	14995.43	18.20
1782985944	0	413.051	1956.066	14999.69	18.20
1782985945	0	415.550	1964.852	15003.08	18.20
1782985946	0	415.887	1953.632	14992.74	18.20
1782985947	0	415.241	1964.062	14997.76	18.20
1782985948	0	413.673	1959.968	15007.55	18.20
1782985949	0	415.219	1958.797	14994.62	18.20
1782985950	0	413.518	1958.697	15004.35	18.20
1782985951	0	414.738	1959.408	14997.58	18.20
1782985952	0	414.549	1958.228	15002.73	18.20
1782985953	0	414.968	1961.770	15005.49	18.20
1782985954	0	414.756	1958.361	15003.71	18.20
1782985955	0	415.074	1952.316	15004.55	18.20
1782985956	0	415.382	1959.998	14994.24	18.20
1782985957	0	415.032	1963.843	15005.57	18.20
1782985958	0	413.438	1952.105	14995.74	18.20
1782985959	0	415.219	1959.972	15001.30	18.20
1782985960	0	415.136	1958.151	15001.29	18.20
1782985961	0	415.531	1963.731	15002.43	18.20
1782985962	0	415.387	1958.957	15001.68	18.20
1782985963	0	413.314	1963.077	14995.78	18.20
1782985964	0	415.977	1962.578	14993.25	18.20
1782985965	0	414.296	1962.695	15004.36	18.20
1782985966	0	415.688	1966.235	15000.93	18.20
1782985967	0	414.299	1959.094	15005.75	18.20
1782985968	0	415.598	1960.230	14999.78	18.20
1782985969	0	414.106	1961.658	14992.97	18.20
1782985970	0	415.463	1960.352	15004.83	18.20
1782985971	0	415.176	1958.965	14998.15	18.20
1782985972	0	416.183	1956.397	15001.71	18.20
1782985973	0	414.530	1960.044	14996.76	18.20
1782985974	0	415.703	1954.011	15008.22	18.20
1782985975	0	413.952	1951.849	14995.62	18.20
1782985976	0	415.026	1955.527	14998.31	18.20
1782985977	0	414.692	1962.646	15000.54	18.20
1782985978	0	414.487	1960.925	14994.54	18.20
1782985979	0	414.761	1962.688	15001.65	18.20
1782985980	0	415.380	1957.232	15008.06	18.20
1782985981	0	414.865	1964.175	14997.55	18.20
1782985982	0	415.315	1954.412	15001.98	18.20
1782985983	0	415.524	1955.662	14986.25	18.20
1782985984	0	416.130	1964.096	14999.81	18.20
1782985985	0	415.232	1960.629	14998.43	18.20
1782985986	0	414.833	1962.714	14995.91	18.20
1782985987	0	414.703	1960.942	15005.41	18.20
1782985988	0	415.698	1957.753	14998.37	18.20
1782985989	0	414.507	1955.223	14999.11	18.20
1782985990	0	414.148	1952.686	14998.11	18.20
1782985991	0	415.584	1967.236	14990.42	18.20
1782985992	0	416.140	1953.496	14994.34	18.20
1782985993	0	415.580	1965.688	15004.81	18.20
1782985994	0	414.635	1960.406	14989.45	18.20
1782985995	0	413.394	1961.067	14996.17	18.20
1782985996	0	414.149	1960.799	14998.00	18.20
1782985997	0	413.751	1962.171	15008.72	18.20
1782985998	0	415.820	1956.867	15003.84	18.20
1782985999	0	414.090	1951.376	14997.21	18.20
1782986000	0	414.787	1957.674	15006.52	18.20
1782986001	0	413.759	1961.812	14996.30	18.20
1782986002	0	414.640	1955.697	15005.05	18.20
1782986003	0	414.556	1964.285	14993.21	18.20
1782986004	0	415.482	1959.480	15005.37	18.20
1782986005	0	415.495	1955.356	14997.97	18.20
1782986006	0	415.026	1960.589	14994.86	18.20
1782986007	0	414.624	1961.742	14998.91	18.20
1782986008	0	414.376	1962.039	15001.39	18.20
1782986009	0	415.441	1948.331	14997.53	18.20
1782986010	0	415.952	1947.809	15002.77	18.20
1782986011	0	414.507	1964.101	14997.09	18.20
1782986012	0	414.746	1954.135	15003.10	18.20
1782986013	0	414.125	1964.108	15002.21	18.20
1782986014	0	413.463	1964.516	14999.70	18.20
1782986015	0	414.956	1955.230	14997.79	18.20
1782986016	0	414.534	1955.931	15000.76	18.20
1782986017	0	415.693	1962.930	15002.75	18.20
1782986018	0	413.625	1958.386	15010.31	18.20
1782986019	0	414.309	1965.174	15004.70	18.20
1782986020	0	413.920	1966.417	15004.88	18.20
1782986021	0	414.973	1955.352	15015.44	18.20
1782986022	0	414.458	1956.794	15002.58	18.20
1782986023	0	413.980	1960.379	15002.42	18.20
1782986024	0	414.018	1951.279	15003.52	18.20
1782986025	0	414.696	1952.789	14994.96	18.20
1782986026	0	414.398	1956.364	14997.78	18.20
1782986027	0	414.303	1968.004	14997.47	18.20
1782986028	0	415.045	1960.981	15003.24	18.20
1782986029	0	413.579	1957.384	14999.13	18.20
1782986030	0	415.172	1955.902	15000.69	18.20
1782986031	0	415.726	1955.189	15005.44	18.20
1782986032	0	414.771	1957.656	15004.32	18.20
1782986033	0	415.131	1957.438	14999.19	18.20
1782986034	0	414.783	1959.055	14996.65	18.20
1782986035	0	414.412	1961.940	15005.68	18.20
1782986036	0	415.191	1959.646	15003.87	18.20
1782986037	0	414.656	1963.186	14991.97	18.20
1782986038	0	414.811	1958.773	14998.43	18.20
1782986039	0	415.084	1966.786	15000.83	18.20
1782986040	0	413.928	1963.079	15003.89	18.20
1782986041	0	413.485	1960.869	15004.55	18.20
1782986042	0	416.260	1961.955	15001.42	18.20
1782986043	0	415.137	1957.758	15002.93	18.20
1782986044	0	415.025	1958.992	15000.32	18.20
1782986045	0	414.371	1958.840	14996.63	18.20
1782986046	0	415.159	1956.931	14998.69	18.20
1782986047	0	414.355	1954.559	15000.09	18.20
1782986048	0	415.313	1962.181	14999.83	18.20
1782986049	0	415.185	1963.861	14990.57	18.20
1782986050	0	415.070	1961.568	14998.01	18.20
1782986051	0	415.243	1959.634	15000.28	18.20
1782986052	0	414.575	1968.857	14998.59	18.20
1782986053	0	414.638	1957.336	14998.77	18.20
1782986054	0	415.347	1961.007	15002.44	18.20
1782986055	0	413.876	1964.491	14994.61	18.20
1782986056	0	414.925	1955.556	14991.86	18.20
1782986057	0	415.951	1962.503	14998.26	18.20
1782986058	0	413.988	1967.109	15003.82	18.20
1782986059	0	415.527	1959.959	15008.44	18.20
1782986060	0	416.272	1960.637	15003.91	18.20
1782986061	0	414.978	1957.359	14992.66	18.20
1782986062	0	415.465	1961.906	14998.84	18.20
1782986063	0	415.012	1956.840	15001.28	18.20
1782986064	0	415.104	1959.721	15000.89	18.20
1782986065	0	413.933	1954.113	15002.70	18.20
1782986066	0	415.452	1949.592	14995.41	18.20
1782986067	0	415.164	1958.088	15000.32	18.20
1782986068	0	416.047	1958.026	15002.10	18.20
1782986069	0	415.528	1958.412	15004.13	18.20
1782986070	0	415.091	1962.947	14995.97	18.20
1782986071	0	414.630	1963.986	14998.27	18.20
1782986072	0	414.205	1961.178	14986.48	18.20
1782986073	0	415.738	1962.640	14996.89	18.20
1782986074	0	416.533	1956.946	14997.38	18.20
1782986075	0	413.897	1956.023	14994.90	18.20
1782986076	0	415.528	1961.992	15000.83	18.20
1782986077	0	415.082	1955.508	14999.72	18.20
1782986078	0	415.613	1955.101	14988.70	18.20
1782986079	0	415.927	1971.430	15001.08	18.20
1782986080	0	415.293	1962.332	14995.36	18.20
1782986081	0	414.606	1952.759	15002.43	18.20
1782986082	0	414.518	1955.628	14993.59	18.20
1782986083	0	413.842	1966.889	15000.15	18.20
1782986084	0	415.218	1961.519	14998.58	18.20
1782986085	0	414.753	1959.309	15001.52	18.20
1782986086	0	415.772	1959.871	15000.62	18.20
1782986087	0	415.425	1959.216	14998.72	18.20
1782986088	0	414.726	1954.372	14992.32	18.20
1782986089	0	413.418	1958.954	14992.61	18.20
1782986090	0	415.045	1954.855	14997.08	18.20
1782986091	0	414.972	1960.215	14999.96	18.20
1782986092	0	413.275	1956.340	14996.96	18.20
1782986093	0	415.326	1961.548	15003.13	18.20
1782986094	0	414.077	1960.634	14998.60	18.20
1782986095	0	415.818	1963.108	14995.17	18.20
1782986096	0	414.924	1958.128	14998.61	18.20
1782986097	0	414.497	1961.871	15001.13	18.20
1782986098	0	415.156	1962.518	15001.62	18.20
1782986099	0	415.105	1963.275	15009.39	18.20
1782986100	0	415.076	1963.139	14996.66	18.20
1782986101	0	415.697	1956.782	14999.63	18.20
1782986102	0	413.553	1966.174	15002.13	18.20
1782986103	0	415.205	1953.142	14999.88	18.20
1782986104	0	414.429	1963.087	14997.50	18.20
1782986105	0	414.776	1957.952	14992.25	18.20
1782986106	0	416.121	1955.811	14997.45	18.20
1782986107	0	414.361	1960.846	14994.63	18.20
1782986108	0	415.312	1961.985	14991.37	18.20
1782986109	0	415.729	1960.794	14996.02	18.20
1782986110	0	415.392	1958.963	14994.76	18.20
1782986111	0	415.050	1960.430	15002.92	18.20
1782986112	0	415.172	1963.090	15003.01	18.20
1782986113	0	415.444	1960.177	14995.48	18.20
1782986114	0	414.353	1960.271	14998.70	18.20
1782986115	0	414.978	1960.773	14990.71	18.20
1782986116	0	416.765	1957.905	14997.53	18.20
1782986117	0	415.338	1964.274	15001.99	18.20
1782986118	0	415.078	1969.351	15004.12	18.20
1782986119	0	414.698	1961.296	14996.43	18.20
1782986120	0	414.361	1958.594	15005.26	18.20
1782986121	0	415.199	1963.385	14992.42	18.20
1782986122	0	415.255	1965.036	14993.76	18.20
1782986123	0	414.924	1958.671	15003.55	18.20
1782986124	0	417.163	1961.577	15008.36	18.20
1782986125	0	414.424	1957.223	15002.47	18.20
1782986126	0	414.246	1963.746	14999.80	18.20
1782986127	0	414.708	1960.509	14989.02	18.20
1782986128	0	414.949	1962.926	14989.89	18.20
1782986129	0	414.323	1955.698	15000.65	18.20
1782986130	0	415.179	1962.404	14998.21	18.20
1782986131	0	415.266	1956.762	14994.47	18.20
1782986132	0	415.542	1957.025	15000.33	18.20
1782986133	0	414.583	1956.224	15000.58	18.20
1782986134	0	416.041	1962.534	15004.72	18.20
1782986135	0	415.484	1964.989	15000.68	18.20
1782986136	0	417.250	1953.163	15006.14	18.20
1782986137	0	414.409	1957.535	15000.04	18.20
1782986138	0	414.319	1955.690	14999.42	18.20
1782986139	0	414.760	1955.134	15005.32	18.20
1782986140	0	415.268	1960.207	14995.11	18.20
1782986141	0	415.385	1962.031	15014.07	18.20
1782986142	0	415.482	1958.506	15001.88	18.20
1782986143	0	416.697	1960.938	15001.90	18.20
1782986144	0	413.510	1955.990	15002.63	18.20
1782986145	0	413.608	1960.069	15009.39	18.20
1782986146	0	414.903	1958.126	15003.96	18.20
1782986147	0	416.609	1962.196	14991.97	18.20
1782986148	0	415.581	1956.276	15007.02	18.20
1782986149	0	414.201	1960.147	14998.30	18.20
1782986150	0	415.138	1952.575	15000.54	18.20
1782986151	0	414.856	1960.056	14993.60	18.20
1782986152	0	414.828	1956.746	15002.63	18.20
1782986153	0	414.568	1959.293	14996.74	18.20
1782986154	0	415.073	1962.419	15000.50	18.20
1782986155	0	415.865	1958.823	14998.58	18.20
1782986156	0	414.635	1961.751	15009.63	18.20
1782986157	0	415.489	1958.263	15009.91	18.20
1782986158	0	415.632	1963.918	15000.23	18.20
1782986159	0	416.033	1967.113	15000.32	18.20
1782986160	0	414.307	1960.056	14998.13	18.20
1782986161	0	410.001	1949.951	15005.53	18.20
1782986162	0	409.935	1949.257	14998.36	18.20
1782986163	0	410.009	1949.616	14997.89	18.20
1782986164	0	410.009	1949.603	15004.89	18.20
1782986165	0	409.890	1950.117	14997.31	18.20
1782986166	0	410.015	1950.290	14999.81	18.20
1782986167	0	410.219	1950.139	14992.09	18.20
1782986168	0	410.049	1949.461	15003.52	18.20
1782986169	0	409.871	1950.791	15009.70	18.20
1782986170	0	409.908	1949.478	15003.61	18.20
1782986171	0	409.996	1949.955	15007.31	18.20
1782986172	0	409.910	1949.848	14995.77	18.20
1782986173	0	410.123	1949.597	15001.18	18.20
1782986174	0	409.861	1950.471	14995.28	18.20
1782986175	0	410.049	1949.690	14998.86	18.20
1782986176	0	409.842	1949.628	15003.86	18.20
1782986177	0	409.995	1950.583	15000.51	18.20
1782986178	0	409.896	1949.958	14992.94	18.20
1782986179	0	410.068	1948.809	14993.42	18.20
1782986180	0	410.103	1949.409	14993.09	18.20
1782986181	0	410.033	1950.123	15002.46	18.20
1782986182	0	410.108	1950.275	15010.32	18.20
1782986183	0	409.762	1949.608	15006.81	18.20
1782986184	0	410.014	1949.903	14990.52	18.20
1782986185	0	410.048	1950.395	15007.11	18.20
1782986186	0	410.061	1949.893	15004.68	18.20
1782986187	0	409.815	1949.772	14992.27	18.20
1782986188	0	410.042	1949.455	14998.48	18.20
1782986189	0	410.063	1950.454	15005.48	18.20
1782986190	0	410.013	1948.468	15002.75	18.20
1782986191	0	409.872	1950.943	14993.45	18.20
1782986192	0	409.945	1949.008	15003.05	18.20
1782986193	0	410.124	1950.007	14989.31	18.20
1782986194	0	410.110	1950.138	14998.89	18.20
1782986195	0	410.046	1950.182	15005.69	18.20
1782986196	0	410.070	1951.139	15000.09	18.20
1782986197	0	410.097	1949.210	14997.51	18.20
1782986198	0	410.045	1950.571	15004.45	18.20
1782986199	0	410.120	1949.787	15004.87	18.20
1782986200	0	410.116	1950.464	15006.55	18.20
1782986201	0	410.257	1949.625	15004.37	18.20
1782986202	0	409.949	1949.847	15005.41	18.20
1782986203	0	409.951	1949.555	15003.66	18.20
1782986204	0	409.724	1949.783	15001.33	18.20
1782986205	0	410.037	1949.753	15000.45	18.20
1782986206	0	410.194	1950.007	14998.81	18.20
1782986207	0	410.129	1950.131	14993.94	18.20
1782986208	0	410.083	1950.140	14995.22	18.20
1782986209	0	410.137	1950.028	14998.59	18.20
1782986210	0	410.050	1950.183	15001.21	18.20
1782986211	0	409.971	1950.202	15007.20	18.20
1782986212	0	410.223	1949.865	14999.79	18.20
1782986213	0	410.042	1950.629	15005.02	18.20
1782986214	0	410.114	1950.006	15005.40	18.20
1782986215	0	409.762	1950.258	14998.84	18.20
1782986216	0	409.778	1950.735	15002.97	18.20
1782986217	0	410.017	1950.500	14998.78	18.20
1782986218	0	409.910	1949.224	15006.61	18.20
1782986219	0	410.026	1949.983	15003.18	18.20
1782986220	0	409.951	1950.042	14994.05	18.20
